116903
451592
862618
399116
928689
732051
686401
196610
639035
567227
419493
899806
55671
746192
926169
826187
855929
20146
713384
527842
147783
699448
458974
159420
601680
701344
874091
624432
393736
343054
397443
885519
36885
316423
20116
881015
607063
774829
674746
353684
759087
895658
353007
593782
970543
374147
309794
828145
975775
896778
910724
883687
469704
446969
5739
577603
638132
934560
12879
998831
40048
72164
611907
833461
521575
836285
584091
563566
373469
586767
734988
569953
301135
188630
61584
465515
61201
962969
817486
424906
232542
290712
903553
657527
591515
500704
395565
423762
370066
860484
672983
228684
478854
987328
458270
745905
989168
299305
260984
416900
573143
933341
213397
437806
556827
172130
953276
194308
134609
996318
422595
946841
991386
741518
682905
375499
971059
512917
601133
225480
558101
131154
860406
319646
788283
751081
160401
750077
668605
62806
8179
523297
281547
851774
916733
853287
624348
703311
446520
804839
713402
423035
648330
382751
17017
743018
986162
428590
831216
149837
505880
861807
936392
909068
336813
898041
497079
684919
42767
98118
668356
105411
542998
329304
716188
409206
125100
660268
861585
238145
97443
396949
339593
401790
765849
896349
236601
373217
99189
78120
19757
522667
135972
157992
94092
719447
24611
504434
762308
79021
925742
271268
65709
52305
576831
887676
634121
18573
701287
915178
314892
744805
625632
34722
16418
581979
416878
142992
931628
349910
907002
863537
522291
460338
58611
534090
526109
359980
410971
503610
5094
433640
509383
792081
451522
452726
433766
48058
538874
756025
289277
948647
320508
667189
200200
748202
494374
974716
922183
479633
890991
403927
521247
786603
451011
974246
96934
794641
646297
950225
897853
111857
899072
695651
413102
718131
41924
792737
49362
851436
808570
689647
144326
260471
247052
909371
468426
186339
174416
657834
433607
477564
835275
474528
769957
183542
567062
525173
497912
53062
850413
440539
564033
634328
887943
895472
438847
341364
275076
351355
348706
456195
106914
46651
316783
389377
301103
424129
980897
820388
234804
900500
512747
99484
101626
752239
389227
952307
306952
258776
478269
667887
287727
98646
227154
87982
864021
172651
670542
526331
68828
378356
455266
944433
269749
886764
905820
510128
621483
191708
110598
634773
356263
166558
947057
881703
950530
748045
770820
617889
562991
208909
773719
967745
88634
141771
545274
513485
947959
748017
593610
53327
498274
939319
219441
917945
528148
123867
433627
111084
412404
708219
968507
63131
120834
705221
871238
439687
663970
283110
910119
490117
883310
672518
114769
634574
391653
270712
120394
850400
133891
647331
754161
742623
711213
88146
744889
902755
336058
406762
902860
869082
861786
139352
10223
374698
427590
635237
817232
714455
864973
411460
418110
25326
593222
611266
863575
364379
161632
99352
77923
575778
96365
905284
198436
960592
593141
97172
180812
58816
95604
502972
40370
250547
539562
151521
163159
906514
223505
965222
368979
992148
429700
934580
912614
553763
99964
2899
630106
853028
572873
413896
923147
549878
437340
742232
985416
487460
827476
541120
675216
191754
163993
799773
947809
56785
91673
798693
61048
280576
252666
307447
683066
693794
333762
190390
664477
306117
566494
119211
715644
138311
908605
913368
327899
99161
219092
510819
947047
510928
253954
901557
608556
696233
628046
946171
735980
415829
145291
131848
81696
122744
177263
359447
993530
179622
4607
56433
837223
836988
13625
710336
673147
985232
620799
420098
878515
952953
617537
444081
619775
521750
76249
254711
988730
687802
596378
838351
915654
385933
661639
849065
294689
425050
710558
824669
260023
755132
594240
323386
254889
102581
188032
347563
479256
212047
358545
507576
168068
465593
158438
196560
994862
275446
530359
744242
98725
925071
748508
457649
214694
574660
789536
102402
454362
784808
465237
816820
56416
174953
823329
585561
184900
687347
120053
151901
626169
904465
395585
960393
275427
583853
416113
587171
533683
888339
746670
90752
552059
71004
753811
343449
837455
698312
245658
541846
448093
895836
622676
490776
709368
487566
661482
39489
852404
754173
470986
43526
789497
395048
708348
566272
610998
79593
257898
212301
325610
56454
896975
24099
464870
989360
351558
147960
982529
424720
547130
996756
632701
160010
613774
437349
482045
753861
48986
950196
359222
49295
61159
607802
387373
226012
660517
227046
33670
606400
253784
519931
602601
195454
92188
36196
881094
902961
139110
844002
62147
485893
242984
260311
730343
760299
906118
735733
758105
726007
472400
555671
363261
113987
592725
435217
492069
688768
197584
317180
779574
613722
7436
901372
180952
179658
100350
999089
283305
341761
471067
470580
269262
846521
451496
146147
485297
198662
585041
918868
686328
430426
511496
984934
668527
136128
869422
809385
241245
130701
386900
185928
145871
53909
344582
908822
780090
633617
634285
905959
691708
829415
555640
534111
765942
62713
727708
957448
519277
695167
145740
641214
225993
644214
590326
215944
704515
418478
880617
236536
551776
61891
21801
993887
634137
232090
951055
176775
395121
565298
232773
726995
718409
244849
993493
693059
218567
471442
348721
995968
883116
373591
109695
539078
746638
269623
12210
743944
925392
824062
898481
616152
908311
870735
82758
648743
80847
973300
801759
181505
513671
457333
807744
968658
840637
251475
338299
355808
737532
508351
133551
965863
434134
309393
225557
382490
114578
289876
19592
426576
653608
497247
657433
30586
935664
710653
709623
543729
500455
69032
389360
601870
225339
2302
398798
768730
767804
13067
590425
950658
353630
25083
292260
113412
824765
127486
935702
884577
999627
122704
471190
261455
899696
853311
266014
646326
750511
998195
744402
55821
730286
639192
387363
208306
970035
360214
462851
38979
390422
713232
813761
521046
971596
991887
546913
212491
454248
718648
68282
713932
458505
38963
174085
768882
423023
407903
530200
251184
603647
425862
203492
818078
170603
551934
767744
989385
523945
802519
352238
738171
372192
495473
913534
715636
164414
829190
223838
74338
43303
753477
618436
803101
1540
556202
135563
163942
440561
211034
513398
829829
898938
7344
288871
707104
235610
445366
211242
856472
101502
953861
860254
75244
237758
427658
604383
365395
667559
536494
899310
356242
169377
430982
233272
35029
268442
805580
227444
834888
365992
108494
213545
422317
682926
817953
464716
240131
44907
18821
205902
961235
310799
51810
545052
682144
966744
138312
828692
971343
329029
559468
444242
345239
644490
782393
910564
518358
143805
862884
104944
920838
956812
671113
572879
632879
798654
879787
133448
636820
833573
609790
387726
92163
125553
966706
566591
883780
779319
534242
472669
105555
774314
90668
328014
906519
679028
879578
237322
54379
610362
392911
223564
753574
574596
848391
494591
292697
211137
290245
922471
578980
579297
136949
563186
652592
200656
974608
96636
862187
985388
398480
236763
327090
889044